2000    2       23      0       0       1.24E+01
2000    2       23      6       0       1.81E+01
2000    2       23      12      0       1.85E+01
2000    2       23      18      0       1.67E+01
2000    2       24      0       0       1.11E+01
2000    2       24      6       0       1.71E+01
2000    2       24      12      0       1.88E+01
2000    2       24      18      0       1.87E+01
2000    2       25      0       0       1.37E+01
2000    2       25      6       0       1.65E+01
2000    2       25      12      0       1.59E+01
2000    2       25      18      0       1.17E+01
2000    2       26      0       0       1.00E+01
2000    2       26      6       0       1.34E+01
2000    2       26      12      0       1.19E+01
2000    2       26      18      0       1.23E+01
2000    2       27      0       0       1.10E+01
2000    2       27      6       0       1.07E+01
2000    2       27      12      0       9.93E+00
2000    2       27      18      0       9.18E+00
2000    2       28      0       0       9.07E+00
2000    2       28      6       0       1.59E+01
2000    2       28      12      0       1.71E+01
2000    2       28      18      0       1.53E+01
2000    2       29      0       0       1.02E+01
2000    2       29      6       0       1.69E+01
2000    2       29      12      0       1.64E+01
2000    2       29      18      0       1.59E+01
2000    3       1       0       0       1.12E+01
2000    3       1       6       0       1.69E+01
2000    3       1       12      0       1.70E+01
2000    3       1       18      0       1.55E+01
2000    3       2       0       0       1.11E+01
2000    3       2       6       0       1.70E+01
2000    3       2       12      0       1.75E+01
2000    3       2       18      0       1.59E+01
2000    3       3       0       0       1.17E+01
2000    3       3       6       0       1.75E+01
2000    3       3       12      0       1.67E+01
2000    3       3       18      0       1.57E+01
2000    3       4       0       0       1.12E+01
2000    3       4       6       0       1.42E+01
2000    3       4       12      0       1.43E+01
2000    3       4       18      0       1.41E+01
2000    3       5       0       0       1.11E+01
2000    3       5       6       0       1.67E+01
2000    3       5       12      0       1.37E+01
2000    3       5       18      0       1.55E+01
2000    3       6       0       0       1.04E+01
2000    3       6       6       0       1.78E+01
2000    3       6       12      0       1.80E+01
2000    3       6       18      0       1.73E+01
2000    3       7       0       0       1.30E+01
2000    3       7       6       0       1.83E+01
2000    3       7       12      0       1.87E+01
2000    3       7       18      0       1.64E+01
2000    3       8       0       0       1.17E+01
2000    3       8       6       0       1.75E+01
2000    3       8       12      0       2.22E+01
2000    3       8       18      0       1.69E+01
2000    3       9       0       0       1.19E+01
2000    3       9       6       0       1.72E+01
2000    3       9       12      0       1.71E+01
2000    3       9       18      0       1.55E+01
2000    3       10      0       0       1.22E+01
2000    3       10      6       0       1.79E+01
2000    3       10      12      0       1.69E+01
2000    3       10      18      0       1.58E+01
2000    3       11      0       0       1.14E+01
2000    3       11      6       0       1.38E+01
2000    3       11      12      0       1.41E+01
2000    3       11      18      0       1.30E+01
2000    3       12      0       0       9.56E+00
2000    3       12      6       0       1.14E+01
2000    3       12      12      0       1.13E+01
2000    3       12      18      0       1.34E+01
2000    3       13      0       0       1.00E+01
2000    3       13      6       0       1.63E+01
2000    3       13      12      0       1.70E+01
2000    3       13      18      0       1.55E+01
2000    3       14      0       0       1.15E+01
2000    3       14      6       0       1.76E+01
2000    3       14      12      0       1.77E+01
2000    3       14      18      0       1.57E+01
2000    3       15      0       0       1.14E+01
2000    3       15      6       0       1.80E+01
2000    3       15      12      0       1.79E+01
2000    3       15      18      0       1.62E+01
2000    3       16      0       0       1.15E+01
2000    3       16      6       0       1.75E+01
2000    3       16      12      0       1.74E+01
2000    3       16      18      0       1.68E+01
2000    3       17      0       0       1.27E+01
2000    3       17      6       0       1.83E+01
2000    3       17      12      0       1.76E+01
2000    3       17      18      0       1.62E+01
2000    3       18      0       0       1.22E+01
2000    3       18      6       0       1.58E+01
2000    3       18      12      0       1.50E+01
2000    3       18      18      0       1.46E+01
2000    3       19      0       0       1.01E+01
2000    3       19      6       0       1.37E+01
2000    3       19      12      0       1.26E+01
2000    3       19      18      0       1.30E+01
2000    3       20      0       0       1.09E+01
2000    3       20      6       0       2.04E+01
2000    3       20      12      0       1.89E+01
2000    3       20      18      0       1.76E+01
2000    3       21      0       0       1.33E+01
2000    3       21      6       0       1.87E+01
2000    3       21      12      0       1.85E+01
2000    3       21      18      0       1.71E+01
2000    3       22      0       0       1.32E+01
2000    3       22      6       0       1.88E+01
2000    3       22      12      0       1.80E+01
2000    3       22      18      0       1.64E+01
2000    3       23      0       0       1.35E+01
2000    3       23      6       0       1.41E+01
2000    3       23      12      0       1.68E+01
2000    3       23      18      0       1.65E+01
2000    3       24      0       0       1.16E+01
2000    3       24      6       0       1.78E+01
2000    3       24      12      0       1.71E+01
2000    3       24      18      0       1.60E+01
2000    3       25      0       0       1.17E+01
2000    3       25      6       0       1.56E+01
2000    3       25      12      0       1.40E+01
2000    3       25      18      0       1.33E+01
2000    3       26      0       0       1.10E+01
2000    3       26      6       0       1.28E+01
2000    3       26      12      0       1.30E+01
2000    3       26      18      0       1.35E+01
2000    3       27      0       0       9.99E+00
2000    3       27      6       0       1.78E+01
2000    3       27      12      0       2.00E+01
2000    3       27      18      0       1.95E+01
2000    3       28      0       0       1.24E+01
2000    3       28      6       0       2.03E+01
2000    3       28      12      0       1.91E+01
2000    3       28      18      0       1.81E+01
2000    3       29      0       0       1.44E+01
2000    3       29      6       0       2.15E+01
2000    3       29      12      0       2.38E+01
2000    3       29      18      0       2.12E+01
2000    3       30      0       0       1.53E+01
2000    3       30      6       0       2.19E+01
2000    3       30      12      0       1.99E+01
2000    3       30      18      0       1.88E+01
2000    3       31      0       0       1.34E+01
2000    3       31      6       0       1.94E+01
2000    3       31      12      0       1.79E+01
2000    3       31      18      0       1.73E+01
2000    4       1       0       0       1.29E+01
2000    4       1       6       0       1.54E+01
2000    4       1       12      0       1.51E+01
2000    4       1       18      0       1.58E+01
2000    4       2       0       0       1.21E+01
2000    4       2       6       0       1.36E+01
2000    4       2       12      0       1.24E+01
2000    4       2       18      0       1.41E+01
2000    4       3       0       0       1.62E+01
2000    4       3       6       0       2.47E+01
2000    4       3       12      0       1.97E+01
2000    4       3       18      0       1.89E+01
2000    4       4       0       0       1.47E+01
2000    4       4       6       0       1.74E+01
2000    4       4       12      0       1.69E+01
2000    4       4       18      0       2.03E+01
2000    4       5       0       0       1.38E+01
2000    4       5       6       0       2.45E+01
